Input Data and Shape
(150, 2)
    V1   V2
0  5.1  3.5
1  4.9  3.0
2  4.7  3.2
3  4.6  3.1
4  5.0  3.6
X  [[5.1 3.5]
 [4.9 3. ]
 [4.7 3.2]
 [4.6 3.1]
 [5.  3.6]
 [5.4 3.9]
 [4.6 3.4]
 [5.  3.4]
 [4.4 2.9]
 [4.9 3.1]
 [5.4 3.7]
 [4.8 3.4]
 [4.8 3. ]
 [4.3 3. ]
 [5.8 4. ]
 [5.7 4.4]
 [5.4 3.9]
 [5.1 3.5]
 [5.7 3.8]
 [5.1 3.8]
 [5.4 3.4]
 [5.1 3.7]
 [4.6 3.6]
 [5.1 3.3]
 [4.8 3.4]
 [5.  3. ]
 [5.  3.4]
 [5.2 3.5]
 [5.2 3.4]
 [4.7 3.2]
 [4.8 3.1]
 [5.4 3.4]
 [5.2 4.1]
 [5.5 4.2]
 [4.9 3.1]
 [5.  3.2]
 [5.5 3.5]
 [4.9 3.1]
 [4.4 3. ]
 [5.1 3.4]
 [5.  3.5]
 [4.5 2.3]
 [4.4 3.2]
 [5.  3.5]
 [5.1 3.8]
 [4.8 3. ]
 [5.1 3.8]
 [4.6 3.2]
 [5.3 3.7]
 [5.  3.3]
 [7.  3.2]
 [6.4 3.2]
 [6.9 3.1]
 [5.5 2.3]
 [6.5 2.8]
 [5.7 2.8]
 [6.3 3.3]
 [4.9 2.4]
 [6.6 2.9]
 [5.2 2.7]
 [5.  2. ]
 [5.9 3. ]
 [6.  2.2]
 [6.1 2.9]
 [5.6 2.9]
 [6.7 3.1]
 [5.6 3. ]
 [5.8 2.7]
 [6.2 2.2]
 [5.6 2.5]
 [5.9 3.2]
 [6.1 2.8]
 [6.3 2.5]
 [6.1 2.8]
 [6.4 2.9]
 [6.6 3. ]
 [6.8 2.8]
 [6.7 3. ]
 [6.  2.9]
 [5.7 2.6]
 [5.5 2.4]
 [5.5 2.4]
 [5.8 2.7]
 [6.  2.7]
 [5.4 3. ]
 [6.  3.4]
 [6.7 3.1]
 [6.3 2.3]
 [5.6 3. ]
 [5.5 2.5]
 [5.5 2.6]
 [6.1 3. ]
 [5.8 2.6]
 [5.  2.3]
 [5.6 2.7]
 [5.7 3. ]
 [5.7 2.9]
 [6.2 2.9]
 [5.1 2.5]
 [5.7 2.8]
 [6.3 3.3]
 [5.8 2.7]
 [7.1 3. ]
 [6.3 2.9]
 [6.5 3. ]
 [7.6 3. ]
 [4.9 2.5]
 [7.3 2.9]
 [6.7 2.5]
 [7.2 3.6]
 [6.5 3.2]
 [6.4 2.7]
 [6.8 3. ]
 [5.7 2.5]
 [5.8 2.8]
 [6.4 3.2]
 [6.5 3. ]
 [7.7 3.8]
 [7.7 2.6]
 [6.  2.2]
 [6.9 3.2]
 [5.6 2.8]
 [7.7 2.8]
 [6.3 2.7]
 [6.7 3.3]
 [7.2 3.2]
 [6.2 2.8]
 [6.1 3. ]
 [6.4 2.8]
 [7.2 3. ]
 [7.4 2.8]
 [7.9 3.8]
 [6.4 2.8]
 [6.3 2.8]
 [6.1 2.6]
 [7.7 3. ]
 [6.3 3.4]
 [6.4 3.1]
 [6.  3. ]
 [6.9 3.1]
 [6.7 3.1]
 [6.9 3.1]
 [5.8 2.7]
 [6.8 3.2]
 [6.7 3.3]
 [6.7 3. ]
 [6.3 2.5]
 [6.5 3. ]
 [6.2 3.4]
 [5.9 3. ]]
Graph for whole dataset

# in seperate file

labels	 [12  9 16  3  1  7 16 12  3  9  7 16  9  3  7 18  7 12  7  1 12  1 16 12
 16  9 12 12 12 16  9 12  7 18  9  9 12  9  3 12 12 17  3 12  1  9  1 16
  1 12 14 11  2  0 10 13 11 17 10  9  6 19 15 19 13  2 13  0 15  0 19  4
  4  4 10 10 10  2 19  0  0  0  0  4 13 11  2 15 13  0  0 19  0 17  0 13
 13  4 17 13 11  0 14  4 10  5 17 14 10  8 11  4  2  0 13 11 10  8  5 15
  2 13  5  4  2 14  4 19 10 14  5  8 10  4  4  5 11 11 19  2  2  2  0  2
  2  2  4 10 11 19]
centroids	 [[5.65       2.56428571]
 [5.11666667 3.73333333]
 [6.77692308 3.12307692]
 [4.42       3.04      ]
 [6.21666667 2.725     ]
 [7.62       2.84      ]
 [5.         2.        ]
 [5.48333333 3.9       ]
 [7.6        3.73333333]
 [4.92       3.03      ]
 [6.53636364 2.86363636]
 [6.31111111 3.27777778]
 [5.15       3.42857143]
 [5.64       2.9       ]
 [7.16       3.06      ]
 [6.125      2.225     ]
 [4.68571429 3.34285714]
 [4.88       2.4       ]
 [5.6        4.3       ]
 [6.         3.        ]]
Graph using Kmeans Algorithm

# in seperate file

Graph using EM Algorithm

# in seperate file
